[[  9.58472490e-01   3.14091076e-03   1.13685485e-02   2.65681483e-02
    1.49701635e-04   3.64119092e-06   2.95269681e-04   1.32400180e-06]
 [  8.82278442e-01   4.80462238e-02   2.20386945e-02   2.70663053e-02
    3.59040266e-03   1.64009325e-04   1.67756099e-02   4.02517871e-05]
 [  9.34329331e-01   1.17710037e-02   2.50721313e-02   2.70301979e-02
    1.05276972e-03   1.16824689e-04   6.23764994e-04   3.86908368e-06]
 [  7.14647293e-01   2.51662731e-02   1.49893090e-01   9.15142596e-02
    6.86373794e-04   3.50276357e-04   1.77279189e-02   1.44651622e-05]
 [  6.36585727e-02   9.08643723e-01   5.32216532e-03   1.89820156e-02
    1.43687020e-03   8.80169973e-04   1.04647246e-03   2.99796920e-05]
 [  5.53568192e-02   9.29891944e-01   5.38860075e-03   6.63927430e-03
    2.18667509e-03   1.13978800e-04   3.59951140e-04   6.28313646e-05]
 [  2.08609495e-02   9.15492356e-01   1.34443520e-02   3.90747525e-02
    2.09859363e-03   2.79072643e-04   8.73669237e-03   1.32403093e-05]
 [  4.92239138e-03   9.81682539e-01   2.24436400e-03   9.05246660e-03
    1.20837428e-03   1.81611613e-04   6.88203610e-04   2.00028317e-05]
 [  6.27404172e-03   1.70702260e-05   7.90035546e-01   1.74647897e-01
    2.17648805e-03   1.89815310e-05   2.68293619e-02   4.54505454e-07]
 [  8.45668931e-03   2.68715448e-05   8.29756796e-01   1.54621437e-01
    4.40953299e-03   3.94624658e-05   2.68827612e-03   9.46660691e-07]
 [  1.62768494e-02   1.81470132e-05   7.65881062e-01   2.12930456e-01
    3.69386189e-03   5.36258704e-05   1.14573061e-03   3.27068904e-07]
 [  5.16978651e-03   1.18621427e-03   2.54920889e-02   9.52368140e-01
    1.18369982e-02   8.75790938e-05   3.85405729e-03   5.21218226e-06]
 [  1.86029327e-04   5.42833868e-06   2.39313743e-03   9.94209051e-01
    4.91131737e-04   8.74553450e-07   2.71430286e-03   1.31258162e-07]
 [  1.07059430e-04   7.12160215e-07   2.32916093e-03   9.95099247e-01
    1.11998210e-03   3.45621203e-07   1.34358625e-03   1.08143956e-08]
 [  9.88658845e-01   1.09304953e-02   1.60741358e-04   2.30054269e-04
    1.54129084e-05   3.53891565e-08   4.43717408e-06   6.01299566e-10]
 [  8.91262412e-01   1.04624309e-01   3.55979847e-03   3.73675604e-04
    1.61871372e-04   6.47303224e-08   1.78597711e-05   3.02098835e-09]
 [  9.92061853e-01   7.40529550e-03   9.70120891e-05   4.07994114e-04
    2.32224284e-05   5.23193968e-08   4.72896772e-06   1.26549859e-09]
 [  5.26145892e-03   9.92023945e-01   6.51684895e-05   1.65904741e-04
    2.37881113e-03   6.54236965e-06   9.79270262e-05   3.30802493e-07]
 [  7.74146244e-02   9.19739783e-01   5.45389194e-04   5.64389222e-04
    1.57831947e-03   8.29372129e-06   1.49235959e-04   4.46189752e-08]
 [  1.94967794e-03   9.94538724e-01   2.96770413e-05   5.25077339e-04
    2.26056832e-03   1.52024277e-05   6.78614306e-04   2.50060816e-06]
 [  1.10163237e-03   9.98226702e-01   4.63215702e-06   5.78303043e-05
    5.52470447e-04   1.17068294e-05   4.43635108e-05   5.89911508e-07]
 [  9.52083230e-01   4.62713763e-02   6.39356556e-04   9.88992979e-04
    7.29132717e-06   1.42010009e-07   9.66197240e-06   6.22613339e-09]
 [  9.18436825e-01   6.02719486e-02   2.03268882e-03   1.90740414e-02
    1.43004625e-04   1.96583258e-07   4.11214787e-05   1.40536471e-07]
 [  9.65110779e-01   1.88756699e-03   7.69728213e-04   3.22214179e-02
    6.49377034e-06   3.70982733e-09   4.19642538e-06   3.58799268e-10]
 [  1.59384951e-01   8.35086405e-01   4.39402228e-03   7.63450051e-04
    3.50603921e-04   7.66054100e-08   2.04974058e-05   7.66497976e-09]
 [  5.20783886e-02   9.09711182e-01   1.46012576e-02   2.29858700e-02
    3.33075499e-04   1.64552219e-07   2.89941352e-04   8.66239525e-09]
 [  1.16353845e-02   9.49372709e-01   8.30594450e-03   2.46798154e-02
    2.92525394e-03   8.76287413e-06   3.07063735e-03   1.52559949e-06]
 [  8.18211876e-04   2.95564059e-05   4.82939839e-01   5.16205430e-01
    9.37447226e-07   2.38512055e-08   5.95043230e-06   4.22462776e-09]
 [  2.46672880e-05   1.49328130e-07   9.61838722e-01   3.81357372e-02
    3.27839757e-07   1.91275951e-09   4.14906424e-07   5.27649524e-09]
 [  2.21618544e-03   1.34461466e-03   5.94110906e-01   4.02264953e-01
    3.90977075e-05   4.95652159e-07   2.35887728e-05   1.58804454e-07]
 [  1.55558798e-03   9.91765410e-04   5.31841695e-01   4.65530068e-01
    1.20505129e-05   1.05540650e-07   6.86845742e-05   4.36329479e-08]
 [  1.69173276e-04   1.77157868e-04   4.71108854e-02   9.52521384e-01
    8.04667593e-07   8.82390960e-09   2.06217701e-05   3.00733061e-09]
 [  1.07910263e-03   1.27988635e-04   1.02104671e-01   8.96681130e-01
    3.59868500e-06   2.17661373e-08   3.39072244e-06   2.90029085e-08]
 [  4.99849717e-09   4.56849454e-11   4.74796165e-03   9.95252013e-01
    6.70582253e-12   6.35367545e-14   4.98364905e-08   4.46558155e-13]
 [  2.71741883e-05   1.67608135e-07   7.38669336e-02   9.26104546e-01
    3.06909342e-08   2.36778541e-10   1.06318828e-06   6.83993348e-11]
 [  9.83868361e-01   1.26281315e-02   3.49039532e-04   2.78219930e-03
    2.72529462e-04   4.67368545e-06   9.42758634e-05   7.73341412e-07]
 [  8.44951630e-01   1.45690709e-01   3.49909696e-03   5.69072599e-03
    7.94103762e-05   1.51194354e-06   8.64438116e-05   4.96547557e-07]
 [  9.58886862e-01   3.81140411e-02   7.67204852e-04   1.75639649e-03
    2.59691733e-04   2.52013365e-06   2.12775660e-04   5.16125056e-07]
 [  8.45530570e-01   9.21512172e-02   1.66994799e-02   4.38565128e-02
    1.34333561e-03   8.15970634e-06   4.10302455e-04   4.08081803e-07]
 [  3.80978286e-02   9.20139611e-01   2.88090923e-05   1.21089816e-03
    3.19925472e-02   1.13761278e-04   8.35115463e-03   6.54586984e-05]
 [  4.03546542e-02   9.34579730e-01   1.12798240e-03   4.84476378e-03
    7.30289100e-03   3.37427249e-04   1.14376396e-02   1.48140434e-05]
 [  6.57496182e-03   9.66928422e-01   2.66934192e-04   7.14691589e-04
    2.17114706e-02   4.19459888e-04   3.38203670e-03   2.12053692e-06]
 [  8.95957183e-03   9.78856027e-01   1.00690260e-04   4.73034685e-04
    1.01946471e-02   6.02735963e-05   1.35206303e-03   3.62734772e-06]
 [  7.55712390e-03   9.77710903e-01   2.98745977e-03   7.81060953e-04
    5.52978553e-03   6.32707597e-05   5.36114676e-03   9.18484329e-06]
 [  5.42486552e-04   1.86656546e-02   4.86891121e-01   4.91768867e-01
    3.60394100e-04   4.17382444e-06   1.76566769e-03   1.64890321e-06]
 [  6.93170223e-05   7.23819039e-06   8.92009556e-01   1.07857890e-01
    2.08344718e-05   2.91967069e-07   3.47364548e-05   1.71983245e-08]
 [  1.92603184e-04   5.14213971e-05   9.10003126e-01   8.97210687e-02
    1.19702026e-05   5.27861516e-07   1.93662891e-05   1.46863588e-08]
 [  1.47274695e-03   6.48453534e-02   1.72319189e-02   9.04403269e-01
    2.13342393e-03   1.90893024e-05   9.88720264e-03   6.97587757e-06]
 [  5.08750265e-04   6.08948618e-03   4.54085395e-02   9.45489287e-01
    2.61388777e-04   2.68987719e-06   2.23948550e-03   2.93189771e-07]
 [  7.77543522e-04   8.29428725e-04   1.84659939e-02   9.79845822e-01
    9.30218357e-06   3.95191933e-08   7.18099982e-05   1.08633342e-08]
 [  1.63210396e-04   4.86322166e-03   5.78237139e-02   9.36564863e-01
    2.61834735e-04   1.28981560e-06   3.21494532e-04   3.26403040e-07]
 [  2.21087039e-03   1.30665988e-01   7.57183088e-03   8.29924107e-01
    1.38232512e-02   7.31564141e-05   1.57169849e-02   1.39422018e-05]
 [  1.56421578e-04   6.97016064e-03   3.12832631e-02   9.59944010e-01
    2.47220654e-04   1.58678915e-06   1.39694195e-03   4.62667117e-07]
 [  9.90215302e-01   3.76631622e-03   5.05425036e-03   7.57124973e-04
    1.79046096e-04   1.09879821e-07   2.79014675e-05   5.86048854e-09]
 [  9.32567000e-01   1.55090233e-02   1.66486427e-02   1.12325726e-02
    2.27911901e-02   2.69850375e-07   1.25119311e-03   1.13938434e-07]
 [  9.96458828e-01   2.13472944e-04   2.20846021e-04   3.07236216e-03
    2.71497993e-05   1.11438743e-08   7.34352034e-06   1.34472267e-09]
 [  9.00141120e-01   3.35705206e-02   4.98246104e-02   1.22680087e-02
    2.18908116e-03   3.08589938e-06   2.00336520e-03   1.26694033e-07]
 [  9.52005386e-01   4.02765907e-03   2.80442052e-02   1.33647090e-02
    1.43236644e-03   9.48348386e-08   1.12556736e-03   6.83637635e-09]
 [  1.30356252e-02   9.22690034e-01   4.87311091e-03   2.12608036e-02
    2.82689799e-02   4.10666362e-05   9.80274379e-03   2.75836428e-05]
 [  3.34391044e-03   9.89311099e-01   2.56953528e-04   5.95677993e-04
    6.29943097e-03   5.48398521e-06   1.86544610e-04   8.71888119e-07]
 [  1.22953327e-02   9.84325290e-01   9.66294247e-05   2.44521187e-03
    7.34237547e-04   4.56382168e-06   9.77003292e-05   1.07842118e-06]
 [  9.97978270e-01   8.91250558e-04   1.99679693e-04   9.08224611e-04
    1.71020565e-05   4.98564020e-07   4.94706137e-06   1.49168912e-07]
 [  9.20517802e-01   7.65079856e-02   4.93075815e-04   1.41581835e-03
    6.13129174e-04   1.42849797e-06   4.50774416e-04   6.15716971e-08]
 [  9.92116034e-01   9.27250716e-04   7.30586646e-04   1.03749160e-03
    3.91215086e-03   2.83371151e-07   1.27631100e-03   1.55380722e-08]
 [  1.20725976e-02   9.03901398e-01   2.38437831e-04   8.96736234e-03
    6.15214705e-02   1.73450841e-04   1.31194359e-02   5.86303395e-06]
 [  2.58848042e-04   8.67132854e-04   9.18686613e-02   9.04157639e-01
    7.21689255e-04   4.79321461e-05   2.07718089e-03   8.34715877e-07]
 [  4.17511765e-05   7.89597289e-06   2.61472538e-02   9.73463118e-01
    5.74318547e-05   7.55410667e-07   2.81747227e-04   2.14620339e-08]
 [  1.45763886e-04   4.47926531e-03   3.89514520e-04   4.84226132e-03
    8.74227762e-01   8.91194958e-03   9.92511362e-02   7.75243714e-03]
 [  2.26788898e-03   2.43986302e-04   4.39079143e-02   9.53178883e-01
    2.40362453e-04   4.56834499e-07   1.60474228e-04   1.31993616e-07]
 [  6.80196658e-03   4.02789119e-05   9.72197294e-01   2.06995197e-02
    3.21266242e-07   4.16754298e-10   2.60612258e-04   2.14949103e-09]
 [  3.31932004e-03   6.43951921e-07   9.70875382e-01   2.57406253e-02
    5.35220522e-07   9.00683625e-11   6.35576798e-05   4.53810056e-09]
 [  5.69383660e-03   6.19451457e-05   9.91074800e-01   3.10398336e-03
    3.45470824e-07   5.10657683e-10   6.49943395e-05   3.97092498e-11]
 [  1.66939826e-05   7.11271947e-04   7.41732583e-06   4.65572899e-04
    5.59251249e-01   2.68778706e-04   4.39268291e-01   1.07209125e-05]
 [  9.81386518e-04   7.98251256e-02   4.44897311e-03   4.07650471e-02
    7.70750701e-01   5.14102653e-02   4.36480306e-02   8.17051530e-03]
 [  6.77927921e-04   3.60809756e-03   1.65374228e-03   3.17020342e-03
    1.79155380e-01   2.21458892e-03   8.09515119e-01   4.94840197e-06]
 [  4.59787188e-05   3.43621505e-04   7.39236384e-06   1.10138871e-03
    7.68166602e-01   6.98256260e-03   2.23070055e-01   2.82400724e-04]
 [  7.57494900e-06   5.95145757e-05   2.60102456e-06   4.60750610e-03
    1.01495534e-01   2.61266213e-02   8.60680163e-01   7.02043716e-03]
 [  2.26286193e-03   7.68622337e-03   2.47572712e-03   2.39594523e-02
    5.77748358e-01   1.54237160e-02   3.59659821e-01   1.07838800e-02]
 [  6.45018872e-06   7.60429772e-04   5.57109233e-05   7.38766044e-04
    7.60457814e-01   2.30769190e-04   2.37745300e-01   4.69832594e-06]
 [  8.87736387e-05   4.84660341e-05   1.28026132e-03   2.39135604e-03
    1.71790734e-01   1.39071816e-03   8.23007762e-01   1.90313813e-06]
 [  3.73452094e-05   1.12964699e-04   8.03793373e-04   1.30699594e-02
    4.67501521e-01   4.69242164e-04   5.18002629e-01   2.55978694e-06]
 [  4.62829030e-06   8.45144968e-05   9.03118917e-07   4.46045917e-04
    5.55855095e-01   4.87816578e-04   4.43005353e-01   1.15697767e-04]
 [  8.42499649e-05   3.98437865e-03   4.11704736e-04   5.42023778e-03
    1.55080661e-01   9.06930342e-02   7.29959011e-01   1.43667525e-02]
 [  8.27508688e-04   8.40028003e-03   2.32002203e-04   1.00645341e-03
    8.84824693e-01   8.37116595e-03   9.60765406e-02   2.61307461e-04]
 [  1.59924803e-03   5.42317808e-04   2.21966370e-03   4.97760624e-03
    8.59485865e-01   2.46175536e-04   1.30913168e-01   1.60061736e-05]
 [  4.94134787e-04   1.06780063e-02   1.63804856e-03   1.25629352e-02
    8.57742190e-01   6.41840510e-03   8.37010816e-02   2.67652087e-02]
 [  1.94685897e-04   1.32281724e-02   1.53155543e-05   2.55006424e-04
    8.88138175e-01   2.43353890e-04   9.79129449e-02   1.23950613e-05]
 [  1.00950454e-03   7.60720111e-03   1.08328024e-02   1.22169768e-02
    5.68423927e-01   1.59296803e-02   3.57007563e-01   2.69723777e-02]
 [  2.94473084e-05   6.15022785e-04   1.27448193e-05   2.86747538e-03
    5.80512941e-01   4.58641211e-03   4.11083430e-01   2.92533368e-04]
 [  1.06526140e-05   1.65986843e-04   5.58757529e-06   3.01636592e-03
    6.75706446e-01   1.39021017e-02   2.94664234e-01   1.25286914e-02]
 [  2.89395498e-03   1.06634945e-02   4.68538888e-03   3.31319049e-02
    6.12103105e-01   1.07093751e-01   2.27619529e-01   1.80890132e-03]
 [  1.71627570e-03   1.38402171e-02   1.91774612e-04   2.09606476e-02
    7.16908813e-01   1.28577352e-01   1.02888659e-01   1.49162877e-02]
 [  1.68199872e-03   4.79879193e-02   2.12245999e-04   1.63055230e-02
    5.99784076e-01   1.59576938e-01   8.77456293e-02   8.67056921e-02]
 [  7.92415068e-03   8.80517289e-02   2.27896702e-02   1.32791460e-01
    4.25928533e-01   4.53341268e-02   1.04138985e-01   1.73041344e-01]
 [  8.87014845e-04   1.27871323e-03   6.83601771e-04   2.80607003e-03
    8.52985904e-02   1.19979854e-03   9.07844663e-01   1.51286849e-06]
 [  1.41583281e-04   5.36867557e-03   4.52939867e-06   4.10165056e-04
    9.13159788e-01   2.30290607e-04   8.06751698e-02   9.68093354e-06]
 [  3.69363590e-07   4.11380506e-06   8.17528473e-07   1.03277701e-03
    5.83285540e-02   7.58552051e-04   9.39849496e-01   2.52862974e-05]
 [  3.14478122e-04   6.78653712e-04   1.60341777e-04   3.30135715e-03
    7.84496009e-01   3.46070970e-04   2.10690513e-01   1.25510242e-05]
 [  2.05404911e-04   1.06253317e-02   2.88069947e-03   1.81805734e-02
    7.56305814e-01   2.34225132e-02   1.60619259e-01   2.77604368e-02]
 [  1.25947729e-01   1.15643971e-01   1.30421311e-01   1.23582773e-01
    1.17879637e-01   1.09026521e-01   1.31104872e-01   1.46393210e-01]]